-1.901486
0.564917
-1.87399
-1.629192
1.028389
1.143163
1.938775
-1.886993
1.935768
1.567754
0.2936356
-1.40558
-1.182674
-1.139824
1.9891
-1.470038
-1.420976
1.320597
1.50042
-0.492892
-0.7562244
1.826259
-1.105778
-1.973868
-1.334826
1.872288
-1.68665
0.9650053
1.555228
-1.669066
-1.133351
-0.617389
-1.058186
1.719131
-1.748339
1.76661
1.203203
-1.924747
-1.111142
-0.2995665
-0.5275342
-0.2462537
-1.496335
-0.02359366
-1.07914
-1.200929
-0.9559014
0.4192536
0.3681748
0.06652188
1.603957
0.8991584
0.06428695
-1.623327
-0.1621501
1.30993
-1.455669
1.458476
-0.6587617
1.157776
1.363935
-0.8269827
-1.253035
0.2202656
0.6088304
0.3710935
1.850749
-0.4610822
1.625748
1.559178
-0.06714034
-0.1879365
1.97649
0.2584169
-0.7288263
1.558677
-0.4378407
-1.74806
-0.6733692
0.1550696
-1.482388
-0.9540732
-0.5213406
0.8087606
1.573204
1.149885
0.01452613
-1.990226
0.3773839
-0.1658943
-1.291793
-0.6121376
1.783465
0.3789341
-0.7483084
-0.1743171
0.02926993
-0.8119137
0.746201
0.0438869
0.5082502
-0.9655263
-1.547579
-1.316191
-1.499079
-1.422581
-1.836184
-0.8405516
-1.625148
-1.68327
0.7130761
0.09655595
-0.08898854
0.7663364
-0.6807091
1.567656
-1.412684
1.725996
0.862431
-0.4696577
0.2782762
0.9364657
1.158223
-1.304643
-1.894112
0.5120406
-0.7206261
0.9542922
-1.216232
0.4705107
-1.985794
1.06426
0.5349316
0.8592977
-1.930201
-1.243531
1.458866
0.8658571
1.087448
-0.7700508
-1.472816
-0.2021778
-1.600188
0.5698094
0.5806851
-0.06629539
1.631177
1.741712
-1.667469
-0.7617099
-1.863949
-0.6217682
1.71964
0.9526915
0.2110627
-1.13529
-1.54257
1.497019
0.4932077
1.258526
0.9270262
-0.5909326
-0.1430132
-1.064616
-0.4001615
-0.4031441
1.913808
-0.6373074
-0.2111762
1.178433
-0.1800044
-1.414021
1.011276
0.5442085
1.933307
-0.4961264
0.6211089
-0.8912685
0.6374134
0.1516893
0.03484702
-0.9334056
-1.386868
-0.007533312
-1.400219
-0.884331
0.4618208
-0.003106356
-0.07910323
0.3473661
1.083141
-1.152056
0.1621106
1.976808
1.059568
-1.730485
0.7542967
-0.748039
-1.810781
0.5719909
1.233424
-0.2209384
-0.1568329
0.3318303
1.264976
0.8607325
-0.8816311
-0.2780688
-0.8650544
-0.0647285
0.618072
1.570951
-1.875318
1.780614
1.414753
-0.131305
-0.2234232
0.01875234
-0.6439998
0.05874276
1.335346
-0.928076
-0.5800231
-1.136008
0.1702793
-1.802869
-0.4996269
-1.64283
-0.1472318
-0.5085232
0.1933582
1.635878
-1.084649
1.867012
-0.7200191
1.974155
1.083091
0.9907493
1.160695
0.7125677
-1.201373
0.1281087
-1.696415
1.794669
-0.9243591
-1.903737
1.404029
-1.928352
-0.2702038
-1.244837
-1.766429
-0.8703983
-0.003896952
-1.837585
1.52684
0.8365878
-1.102374
1.867169
-1.683493
-0.07375932
-1.152295
0.6350922
-0.08748364
0.4747455
-1.516385
0.1406724
0.5682048
0.1387565
1.782087
1.66804
-1.229458
-1.950278
-1.211932
-0.9584882
-1.284556
1.387259
-0.3000076
1.461685
0.1803586
-0.6911814
0.7265024
1.950142
-1.513273
-0.9031737
-1.372201
-0.1238034
-0.8547294
-1.347231
-0.2185056
0.1319983
0.04971099
-1.726845
-0.9654973
-0.2207658
-0.7036388
1.41037
0.9590067
1.311648
-1.440981
1.601589
-1.0951
0.1977766
-1.124377
-0.5983183
0.3358061
-0.9822938
-1.508524
0.700376
-0.5083649
1.109914
-0.501138
-0.3399222
-0.4556839
-0.5032241
0.6744441
-1.927685
-1.922404
0.4390671
1.570479
-1.509661
-1.693491
-0.8006852
-0.9762537
-0.1931407
1.369545
-1.753721
0.4975569
-1.89766
1.344279
-1.106839
-0.251579
-1.994345
1.224635
1.846285
-1.163799
0.3846195
-0.2977731
-0.07372785
0.6869439
1.588493
-0.6918967
-1.931351
0.1609757
0.823647
-1.99457
-0.1986139
0.3743656
0.6207337
-1.994627
-0.8319385
0.1064551
-1.643632
-0.7218153
0.6058854
1.219879
0.8679151
0.01970744
-0.01499867
-1.230275
1.991691
0.2504547
1.924427
-1.663869
1.853523
0.5292329
0.3667734
-0.1477497
0.2057183
0.3558452
0.9830012
0.7181739
-1.622443
-0.3398449
1.946631
1.332094
-1.518815
-0.654844
0.1214826
1.560913
0.8696756
-0.3940594
-0.854727
-1.242534
0.04803634
-0.9166467
-0.6992443
1.28244
-0.4666846
1.364901
1.147087
0.03374219
0.2593458
0.6296009
0.5995168
-0.2636077
-0.4867017
-0.3214614
0.373934
-0.1260865
1.2421
1.50546
1.44498
0.8200859
-1.372028
-0.2820122
-1.082873
0.1781132
-1.722788
0.2657874
0.3862484
-1.29148
0.3546526
0.6976909
0.4687126
1.664804
-0.06113267
1.196888
1.484771
-1.749831
-1.120056
-1.299509
1.316914
-1.627432
0.2941988
1.979381
-0.6256216
1.126656
-1.89494
-1.948586
-1.964969
1.469923
1.875083
-0.4355319
0.9428105
0.5952401
-1.707449
-0.8385341
1.675337
-0.1772363
1.869808
-0.6239727
-0.03600001
1.870545
0.6288766
0.3454373
-1.12223
-1.449107
-0.4517124
1.751956
1.2624
-0.5148647
0.3769886
0.7327279
-0.6133645
-0.9123561
-0.4662178
0.703268
1.57041
1.837508
-0.8859308
-1.170557
-1.728237
0.700808
-0.4118464
-1.457114
-1.301196
1.155641
1.850008
-1.183105
-1.821846
-1.700104
0.6772475
0.7017474
0.6425876
-0.4359195
-0.5059521
0.4919655
-0.1288493
0.3947322
-1.928291
1.724161
0.6961402
0.523261
-0.9654243
-0.68806
-1.596919
1.833038
0.3187892
0.848854
-1.851139
-1.747952
0.1449797
-0.5644701
-0.1702497
1.321187
-0.4287174
-0.9085062
-0.7736247
0.7087612
-0.141782
-1.62129
-1.279379
-1.426317
1.874237
0.2397811
1.895608
0.2216556
-0.8949554
-1.215942
-0.4099071
0.7824749
-0.3799889
1.31056
1.284266
0.4854572
-0.5312774
0.7002415
0.7818531
-0.4056647
-1.964151
-0.3696368
-1.490275
-1.582115
0.850696
-1.929801
-1.73246
0.6690459
1.609475
-0.5524447
0.2260005
1.557228
1.461677
-0.5022185
1.745939
0.9333887
1.153518
0.02103972
-1.718048
-1.234787
-0.5457976
-1.641206
-0.8041718
-1.456791
-1.410692
1.288035
1.425109
1.316674
1.357996
1.753085
1.968303
-1.383423
0.7052173
-0.9759042
-0.5858104
-1.369283
-0.7416723
-0.56159
-1.901567
0.1587493
0.1722481
-1.103154
0.6578526
1.77261
-0.452975
1.532998
1.033426
-1.593875
1.782714
1.977182
1.847464
-0.7835701
-1.752904
-0.1774628
1.66614
1.49056
1.032417
-1.415102
0.5488304
-1.28149
-0.6840384
0.69702
-1.189517
0.9793033
-0.5158222
0.2945654
1.69603
1.112614
0.3689311
-0.9882176
1.937403
-1.878825
-1.352119
-1.08322
-1.238591
1.452645
1.777744
-0.03631425
1.106617
1.765115
-1.475223
0.2009089
1.245041
-0.759887
-1.588443
-1.385313
0.9043822
-1.083616
-1.952453
-0.1403272
1.790228
-0.03455281
0.8417653
-0.7886159
1.292336
1.561348
-1.500238
-1.475637
-0.7293952
-0.07887721
-0.1757309
0.3340294
-1.902894
-1.720218
0.284292
1.931327
-0.4085052
-1.66957
-1.756142
1.625414
-1.630667
-1.031483
1.514236
0.5953626
0.1299522
1.417189
1.864858
-1.54165
-0.2813122
0.503096
-1.176799
-0.2056787
1.109777
1.079923
-1.613112
-1.447924
1.438359
1.989444
0.5017843
1.505602
-1.538548
0.9418382
-0.2121236
-0.2173631
-0.1816776
-0.4488447
1.945533
-1.453948
0.4450967
-0.7622769
1.780064
0.4491422
1.696029
-0.3290069
-1.19765
0.2975667
-0.7850473
0.3648617
-1.854942
1.891289
1.002039
0.9561562
0.340596
1.898401
0.8339681
1.060906
1.912717
-0.4533103
0.6175098
-0.0614903
1.218368
1.36351
-1.571233
-0.2734444
1.086548
0.6552777
-0.4121845
-0.4585149
0.3478572
0.91405
-0.6077311
1.094793
-0.3976791
-0.2390354
0.4625843
1.551888
1.185885
0.970097
1.500487
1.371759
-0.6536539
0.9977788
1.95969
-0.6566179
0.5475969
-0.8769042
-0.8407018
-0.4013379
-0.7837656
0.2776711
-0.8836339
-0.6998703
-0.3961637
-0.3086617
1.125618
-1.231017
1.120437
1.709687
0.7762842
-1.181151
-0.7689865
1.4642
-1.283385
1.953193
-0.05865073
-1.692379
0.5721912
1.351681
-0.9575498
1.515004
-1.027353
1.828343
0.7761015
-0.7963936
1.230045
-0.6177313
1.129162
0.9477643
1.263631
-0.56969
1.677723
-0.7221887
0.7814125
0.8738541
1.964607
0.3969734
-1.236558
0.3554976
0.1638296
-0.4468644
0.0687449
1.407592
0.1185796
-0.9920747
1.206611
1.69028
-1.475862
-0.4209454
1.589409
1.359018
1.405681
-0.7196839
-0.05075383
-0.7529948
-0.402118
1.831378
0.6186885
-1.139786
-1.211663
-0.8161743
-1.272783
1.336852
0.7655129
-1.691814
1.943754
-1.760397
-0.5425708
0.3964503
0.5235118
-0.102206
-0.1282914
0.6702494
1.376099
0.4858587
-0.8312461
-1.161447
-1.011773
0.288933
0.3698366
-0.1465256
1.92731
0.167835
0.8544545
-1.938135
0.3427212
-0.5598896
0.1982877
-0.3883064
-0.4048579
-0.1292999
0.8502597
1.025379
-0.4317429
-1.810006
-0.4420354
1.767961
1.851893
-0.5934837
0.708126
-0.5356996
-1.518833
0.1907957
0.9514236
-0.4695084
0.8481631
1.764971
-0.5292141
0.5904602
-1.58479
1.488114
-0.8170197
1.239711
1.758514
0.9398932
0.3685701
-1.551373
0.2677724
1.998771
0.6690006
0.29831
1.454332
-1.952835
1.642044
-1.199147
0.2736204
-0.5950572
1.832928
-0.3247793
1.942979
0.4765861
1.96413
0.6122474
0.1789362
0.6380948
-1.6835
-0.3365963
-1.005476
1.437263
1.489336
0.9421005
-1.119474
1.772665
1.939444
-0.457731
-0.202574
-1.2349
1.384697
-1.12638
0.1839039
1.902457
-0.2991531
0.4936163
0.9768023
-0.5912187
0.194772
1.055269
-0.8635433
-0.2727425
1.276651
0.8838863
-1.672032
0.450814
-0.1788089
0.3283551
-1.23035
0.5773806
0.6310377
-1.403159
-0.1365287
1.606926
-0.247926
0.7612342
-0.3307374
-1.866879
-1.763356
-0.06571746
0.5863337
-0.01017165
-0.9273798
-1.663448
0.4871604
1.326047
-1.350889
0.01276946
-0.7124121
1.248683
0.5948767
-0.3458664
-0.8371198
0.5485324
1.163295
1.514351
1.766852
0.4754574
1.449166
-0.0007388592
1.617896
1.830811
-1.946575
-0.5099437
-1.737722
-0.4510038
-0.2080491
1.323288
-0.9117429
-0.7655313
1.049122
1.892312
1.981165
-0.2685649
-0.24072
-0.4165142
0.1434247
-1.279963
0.1867492
-1.367529
-1.611111
-1.743357
0.3784416
0.1775215
-1.570837
-0.5894873
-0.3303559
-0.1177604
-1.428071
-0.2987063
0.1718376
-1.504893
-0.3057945
-1.612088
0.1924021
-1.516972
0.8061461
1.161127
1.987813
1.849167
0.1221755
-1.614964
0.7281346
0.453841
1.047378
-0.007251501
0.3637822
1.846789
-1.905582
-0.4659407
0.7999501
0.7219586
-0.05758595
1.043869
1.994212
-0.1238921
-0.6002882
1.036384
1.550204
-0.03502774
1.647654
1.202064
-1.058283
1.500816
-0.2631991
1.963229
1.556614
-1.700907
-0.6373279
-1.252756
-0.4730484
-0.6295946
1.17383
-1.355639
-0.9575355
1.34186
-0.8675835
-1.138604
-0.3192489
0.5427293
0.05272794
0.3388975
-0.2499158
1.357102
-0.5146072
0.8895287
1.168901
1.403213
1.663666
0.01500058
0.8960413
0.3420241
-1.465712
-1.141838
0.09735274
1.780019
-1.176888
0.1775372
-1.209707
0.9140877
0.9503364
0.7813725
1.739097
-1.732058
0.5188507
1.826647
-1.20676
-0.4475577
-0.3304708
-0.4909499
0.5592079
-0.5182102
1.257543
0.6517958
0.6417751
1.934751
0.2448585
1.955369
1.589988
1.337548
-0.8224037
-1.19553
-0.4756391
1.509928
-1.822242
-1.212963
0.4138553
0.08195758
1.414033
0.7326407
-1.885628
0.0380528
0.9924526
-1.827409
1.830518
1.734431
0.5790624
1.173025
-0.9204233
1.414541
-1.770518
-1.95674
1.161693
1.778312
-0.752948
1.479357
1.443163
-0.2690427
1.85492
0.4793212
1.384372
-0.4473426
1.115223
-1.496409
0.8302225
1.107416
-1.935617
0.6099944
-1.492111
-0.6052611
-0.9218214
-0.2944877
1.393072
0.8014936
-0.4716241
1.275438
-1.494655
-1.450637
1.552282
-0.7836273
-0.8361623
-0.31127
0.8620514
0.1876032
-1.427917
0.7559914
-1.369599
-0.311578
-1.50333
-0.4360335
-1.972699
1.044388
1.974745
1.441405
1.328716
-0.5800197
1.132946
0.8536744
0.2205331
-0.6111295
0.6812786
1.111317
0.04571795
0.05409265
-1.260261
0.1463258
-0.2508557
0.06269288
-0.8251555
1.194782
-0.7675855
1.660542
1.393547
-0.9114859
-0.7062771
-1.538692
-0.9020016
1.113191
-0.8031151
-0.5719731
0.08920169
-0.5693829
-0.2600248
1.578256
-1.935759
-0.7201474
-0.04753995
1.849266
0.7721538
1.88604
-0.6163695
-1.259387
0.5081763
-0.9159834
-1.698958
0.8945293
1.985856
-0.06617427
0.236645
1.140958
0.4337351
-1.112123
1.920578
-1.534825
-1.599891
0.8448629
-0.8157609
0.155452
-1.347225
0.5849862
1.381288
-0.8799293
-0.4749486
-1.347957
-1.588259
-1.550181
0.4609506
1.639095
-1.259981
-0.2028391
0.5269141
-0.7475975
0.4238064
-1.366667
0.5288433
0.6977763
-1.061043
-1.498164
-0.7005789
0.2793577
0.1796591
-1.160405
-1.33885
-1.846431
-1.260622
1.710306
-0.3336055
1.477573
-1.769997
0.582755
-1.323095
0.6082386
0.272186
0.8989562
1.212413
1.183797
-1.399601
-0.5593507
-0.5993707
-1.408216
-0.2982805
1.643325
1.142862
-0.4339054
-1.777402
-1.788654
0.2263811
1.276981
0.7894081
0.8142642
0.9626464
1.497496
0.03283429
0.02742028
-1.922098
-1.934391
-0.2534912
0.2763021
1.513648
-0.3331878
0.5397815
1.80176
1.494828
1.291895
-0.5542939
-0.7318046
-1.473861
1.53874
0.4050534
-1.319619
1.664812
1.334975
-0.4577463
-1.041875
0.1895812
1.422688
-1.700974
1.309183
0.3702033
-0.2086141
1.547225
0.4061406
1.287454
1.194018
1.434334
0.5466952
1.625034
1.170442
1.118791
1.264055
0.8785672
-1.548162
0.6068982
1.752632
-0.2009737
-1.802254
-0.4344275
-0.1634891
-1.294959
0.2097418
-1.056367
-0.2434509
-0.665241
-1.469213
0.113786
1.263728
-1.949972
1.290239
-0.5633914
0.6885166
-0.004030943
-1.086807
-1.186272
0.6448569
1.471413
-0.6298044
1.642424
-0.1532485
-0.3935621
0.5347542
-0.1798747
-1.298804
1.622646
-1.386518
-0.4992278
0.2990286
-1.937134
-1.730732
1.335293
-0.7505829
-1.54792
1.423594
-1.257113
-0.02379107
0.2534416
-1.402124
-0.4141943
-1.161204
-0.2330434
0.6762418
-1.216716
-0.4989755
1.803349
-0.2963097
-1.599868
0.4603765
-0.05276847
1.255444
-1.189007
0.1317976
-0.6113026
-0.3364928
1.939127
-1.344957
-0.01322722
-1.612716
0.05005193
-1.9802
-1.182906
1.485828
1.065679
-0.183605
-1.692027
-0.5475881
1.106813
0.620788
-1.128952
-0.03302169
-0.6756504
-1.954935
0.2926152
-1.016324
-0.101496
-0.02679801
-1.465964
-1.417578
1.124291
1.767625
-0.9667928
0.5895585
-1.704887
1.420168
1.139885
0.54743
-0.4640706
-1.852869
0.3722847
0.4862936
0.07278705
0.4097788
0.9901056
-0.1275389
-0.6106598
-1.424147
-1.620801
-1.071931
-0.1932414
-0.8183968
0.657165
-1.909912
1.591587
0.8707985
1.897733
-1.151075
1.479928
1.253829
1.772304
-0.277178
0.2259667
-1.606925
0.8276495
-1.499539
-0.5454314
-0.7284553
0.2381713
1.950054
-0.9134066
0.1583731
-0.3735135
-1.398269
-0.8273809
-0.4342439
1.097624
-0.4070327
-1.266303
-1.285208
-0.6880395
-0.5121567
-0.977917
1.074627
-1.157656
0.7933869
-0.8555582
-0.6377356
1.931844
-1.105062
-1.68084
-1.621502
-1.129376
1.351866
1.420609
0.368614
1.387892
-1.026145
0.8362255
-0.149534
-0.1363895
1.735429
0.4604728
-0.2011611
-0.768822
0.4581802
1.747103
-0.2164137
1.241572
1.937692
1.898333
1.82479
-1.115402
1.397543
-0.7301986
1.889741
-0.4576571
1.627942
-0.3427737
-0.9887116
-0.5024436
0.8048577
-0.1346991
0.3845346
1.70613
1.764154
-0.5383556
-1.986362
-1.860624
0.1119578
-0.3179233
1.147457
-1.557355
0.2953517
-0.8816512
-1.974502
-1.715817
-0.266166
-1.824517
-0.5948207
-1.666857
1.712543
-0.3964193
0.03389335
0.02083945
-0.01702666
-0.886431
1.832359
0.5196442
1.385662
1.55628
0.9489927
-0.9552066
-0.7608612
0.4129617
1.122648
-0.1308782
-0.5450051
1.156833
0.01287627
-0.9180944
0.5823159
-1.70744
1.348001
-1.737505
-1.832181
-0.6488988
-0.6359875
1.913497
1.214059
1.281691
1.544362
0.9137515
0.9165692
0.6454667
-0.2525966
1.629213
0.2939398
-0.7979457
-1.508526
-0.2964017
-0.5013616
0.7244005
1.711922
-1.589248
-0.1843078
-0.3521364
0.7533616
0.3667195
1.072319
0.3084252
1.234225
-0.3413675
0.726222
0.3467095
-0.4001353
-0.3595984
-0.07201743
1.940616
-1.912657
-1.622299
0.3708208
-0.8077843
-1.27001
0.2591298
1.826009
1.541369
-1.730517
-0.1903775
-1.328165
0.6264133
1.241276
-1.806535
-0.2943766
-0.1176274
-0.1453588
-0.4141357
-0.1346395
-0.3421175
1.101972
-1.120287
0.7070593
-0.5152028
0.3948705
-1.953155
1.415988
1.371836
-0.3207653
-0.2636917
-0.831003
0.89506
1.528767
-1.084839
-1.772885
-0.4674046
-0.253526
1.069893
-1.620198
0.9524183
1.420554
-1.546296
1.095972
-1.65409
0.1759803
1.943291
0.6105437
-1.728352
1.460771
0.8237237
0.139725
-1.204854
0.8217272
-0.3116739
0.7760467
1.610474
0.7090811
-0.9771998
1.844586
-1.96613
-0.3377354
-0.5121086
-1.880396
1.215781
-1.632986
-1.881012
-1.543764
-0.129431
-1.861846
-0.8641007
-1.472991
1.209697
1.0447
-1.034162
0.412411
-1.92821
1.834925
1.841944
-0.2960961
-0.1086547
1.194751
-1.331806
-1.005728
-1.38686
0.5248274
-0.05576873
1.794459
-0.08690143
1.258384
0.4629982
-1.662397
1.704127
1.495611
1.221066
-1.451813
1.956358
-0.7102711
0.02064586
-0.7207811
0.362746
-0.474323
-0.8607967
-0.2592847
-1.224758
-0.9146168
-0.6277359
0.9166836
-1.489178
-1.994611
-1.919394
1.585782
-0.9315574
-1.808149
1.002532
0.919857
-1.890302
-0.3471439
0.8397378
-1.901366
0.2517593
-0.2229264
1.515436
-1.210479
1.988462
-0.5206549
-1.311062
-1.265915
-1.754357
-1.501627
0.456321
-1.579603
0.6942686
-1.923061
0.3276489
1.699028
-1.014167
-1.386934
-1.020422
0.8993115
0.3120997
1.316642
-0.3530886
-0.4319718
-1.937142
-0.299804
1.13319
-1.362308
0.562324
-0.01679826
1.202111
1.949732
1.580139
-1.08148
-0.9281166
-0.4967754
1.587045
-0.4643123
-0.4975531
-1.793458
1.018703
0.5172285
1.330972
-1.728941
-1.216843
0.4165637
-0.02593493
-1.274272
-1.012202
0.3682191
-1.954875
-1.797554
0.7393693
-0.8775141
0.7470984
0.6825818
1.906145
-1.72765
-1.560117
-1.311751
1.709376
1.814442
0.4047825
0.07231545
-0.03764129
-1.024373
0.9057969
1.54338
-0.3098271
0.9356713
-0.274864
0.7912669
-0.2507646
-0.3822844
-0.8256242
-0.2488964
0.6046318
1.376292
0.9852828
-1.445365
-1.525308
-1.833317
-0.01912045
0.3160198
1.807765
1.214172
-1.495094
-0.2096975
1.37274
0.7325034
-1.549976
1.597868
-0.2289116
0.7921652
0.119477
1.990469
0.481962
1.854565
0.6738676
0.7495975
-1.81985
-0.4129364
-1.066847
-0.6867726
0.4300802
0.0677278
-0.2416117
-1.705906
0.9933843
0.1959131
0.5090284
-0.2751057
-1.041214
1.752426
-0.7147958
-0.6907361
-1.625005
1.541098
0.5711846
-1.624022
1.22583
-1.552326
-1.404067
-1.826219
-0.7598794
0.5775723
1.680122
-1.386107
-0.4156549
-1.29227
1.99561
1.139489
1.120651
0.8194494
-0.754452
0.09068847
-0.08270192
1.397834
-0.9269946
-1.800363
-1.391638
1.815088
-0.9783337
-1.633656
0.7897181
-0.4751785
0.1079915
1.22789
0.4308116
-0.002391577
0.9084663
-0.09380794
0.01836228
0.805726
0.6216149
-0.5457232
-1.144332
-0.8386691
1.389325
0.8034481
-0.3247001
0.9188108
-0.2557557
-1.227837
-1.638115
-1.651244
0.5874977
1.987848
0.2575057
-0.001230955
-0.2540114
1.515358
-0.01209855
-1.86657
-1.585885
-0.646991
-1.99428
1.727365
0.5760173
-0.6128457
0.8778467
1.312028
-0.1865575
1.559741
0.6506514
0.07315516
0.8319687
-0.6826346
0.02980208
-0.5184629
0.7912325
-0.900943
-0.6928976
-0.8127978
1.157828
-0.003693819
0.5509982
-0.1482537
-0.4998767
-1.414016
-0.2966435
-1.472898
-1.282373
-1.927262
-0.5631216
-1.328718
-0.7866228
-1.743957
1.489674
1.050749
0.3280575
-1.566109
-0.05152154
-1.178451
1.083205
-0.4007647
1.90393
0.5656819
0.483392
-1.793577
0.2990448
1.984066
1.1904
0.1503623
-0.1225188
-0.02156758
-0.5973265
0.3850729
0.6801891
-0.5082815
1.270411
-1.227221
1.413515
-0.1251848
0.2710912
0.9650244
0.8921332
1.493053
1.69334
-1.696591
1.907493
1.592538
1.38656
1.286131
-0.431793
1.623126
-0.2368729
-1.687898
-1.510719
-1.233319
-0.2382171
1.001333
0.3753264
0.9198474
0.1815169
-0.177819
-0.6090329
-1.979263
-1.403427
1.434532
1.134435
1.206087
0.5864004
0.2582443
-0.7402046
0.9291438
-1.228836
0.491699
1.459915
0.499717
-1.223585
-0.4196742
0.1345947
0.6285514
-1.380504
1.705312
-0.3001039
-0.8317668
1.90018
-1.4597
-0.3484991
-0.2757885
1.452585
0.8983974
1.408416
-1.460812
-1.963665
1.1383
-1.220525
-1.145348
1.679156
0.7960486
1.110843
-0.9905584
-0.6115296
1.707531
-1.997626
0.8327608
-1.81778
-1.046968
-0.3103855
0.2275431
-1.404036
1.355188
1.423893
-1.508131
1.577151
1.48409
1.896048
0.3616951
1.386956
-1.852851
-1.509575
-1.335716
-1.033432
-1.402422
-0.8230546
-1.313217
-0.5134985
-1.094817
-1.810656
-1.950033
-1.750166
0.5500187
-0.3839509
-0.008472681
-1.751091
1.063918
-1.276064
-1.887226
-0.1302583
0.369405
1.759368
-1.756818
-0.4363697
1.76661
-0.04770827
1.884273
-0.9196737
-0.5809648
0.5438508
-0.7383378
0.8346047
-1.978852
-1.273555
0.8663697
-0.3962324
-1.414567
-0.2245882
-0.4702342
1.410493
-0.1034925
0.01125884
1.419657
0.08385587
0.04124427
1.338257
-0.2629235
-0.482475
-0.8820841
0.787486
0.7031893
0.05700994
-1.615414
1.405945
1.662308
0.9414553
0.2281888
1.908075
1.291889
1.163672
-0.329694
-1.387661
1.768805
-1.812391
0.9265465
0.879538
-0.6911924
-1.734123
0.5701756
1.757478
1.479456
0.6274132
0.8009195
-0.06222224
-1.639996
1.267852
1.303481
0.1573312
1.019773
-1.315769
-0.6730816
-1.891608
-1.879241
0.9645357
1.386424
1.124709
0.3961837
-0.7664778
1.16919
-0.4384978
0.6860732
-0.4527647
-1.237135
0.5002803
1.862004
0.2247694
1.374063
-0.2849653
-1.040742
-1.288589
-0.6092036
-1.141264
-1.536499
1.733697
0.09794259
0.3392465
1.814313
-1.019003
0.5363211
0.639285
0.4870474
-0.4542615
1.14699
-1.085655
-0.687597
1.251212
-1.392657
0.9578709
1.285498
0.2171185
1.109975
-0.394407
-1.463456
1.40441
0.7772712
-0.9013436
-0.6129854
1.231806
-1.747833
0.3339736
1.96792
-0.09934354
-1.68653
0.1136415
-0.04038167
-1.97472
1.142415
1.855393
-0.5655801
1.455024
-0.1211469
0.9851045
0.5244321
1.315102
0.9363584
0.0827601
-1.115126
0.4405086
0.03000379
0.3307426
0.8624029
1.373713
-0.2773926
0.08352733
-0.3719556
0.7166333
0.5670456
-1.569639
1.81927
-0.1625683
-1.596769
-1.519692
0.9972448
0.1011679
-0.9498508
0.3058927
1.703517
-0.6803873
-0.3512356
-1.394517
0.5204477
1.508559
-1.644834
-1.170484
0.9153513
1.003477
-0.5487559
1.175707
-0.366071
-1.246692
-1.374784
1.492004
-1.735672
-0.2095096
-1.252149
1.448273
0.2051818
-1.41905
0.2101457
1.560854
-0.6231997
-1.738355
0.5108423
-0.5144541
-0.3275073
1.555756
-1.902549
-1.665912
0.5982894
-0.6082094
1.868844
-0.6024406
-0.7514212
-1.225215
0.5019707
-0.7007701
1.150719
-0.6272647
0.8886141
-0.5480874
1.300088
0.09527707
-0.1451738
-1.140619
1.746266
1.942122
-0.2661235
1.60074
-1.609418
-0.771127
-1.86821
-1.873259
-1.924393
-1.109584
-0.3773706
-1.084904
-1.915103
1.729681
-0.6024678
0.799405
-1.962004
1.373
0.7043766
-0.09956861
1.460722
-0.3661892
0.2608063
-1.349377
1.107451
-1.610643
1.072063
-1.991945
-1.155195
-0.8203242
1.096239
-1.304243
1.623611
-1.602815
0.4711497
1.629623
1.878588
-1.672082
0.153681
0.3579099
1.68595
-0.2769315
1.512505
0.6294398
-1.786384
-0.3032963
0.8768319
1.891355
0.2588975
-0.3433597
-0.8967273
-0.06310105
0.5681328
-1.487426
0.3335836
0.9608454
0.8755078
1.411672
-1.964675
-1.217723
0.5128636
-0.3253233
-0.0187881
0.4230587
-0.1519172
-0.2600029
1.089357
-1.173538
0.3850701
0.9360837
-0.04768682
0.5741495
1.299988
-1.202384
-1.751538
-1.867648
-0.764673
0.222276
-1.785383
1.546849
-0.7571814
-1.968275
-1.838934
-1.767138
-0.357446
-0.3011138
-1.056795
-0.3082898
-0.9209259
-1.033142
-0.3811057
0.8959774
-0.567795
-1.799112
-0.4527876
1.731831
0.296313
1.183032
-0.8003299
0.1523798
0.5007586
1.439509
-0.471792
1.078713
0.007538557
1.622858
1.760724
-0.2543881
1.142649
-0.9765894
1.619139
-0.9355056
1.670695
-1.542834
0.9452018
-1.65119
-1.857546
-0.5922534
-1.956392
-0.8628867
1.182102
1.044961
0.4892662
0.6414809
0.5528187
-1.299714
1.854707
0.7906293
-1.546975
0.00935483
-0.4830439
1.308118
1.96576
0.8704142
0.265733
-1.830107
-0.02578712
-0.02061296
-1.684478
0.2897069
-0.3329451
1.519351
1.985365
1.038807
-0.6151388
-0.9165499
-0.7564085
0.6794447
-1.345355
-0.8882902
-0.2839196
-0.3595388
-1.23415
-1.642148
1.942307
-0.05989051
-1.178404
-1.907273
0.2615392
-1.54136
-1.785216
-0.9518154
1.944004
-1.579347
0.4477441
-0.069731
-1.575583
-1.773342
-0.5146091
0.7647733
-0.6722624
0.8486461
1.036029
0.13083
-0.7992632
-0.4218428
-0.8033106
0.9605288
-0.8496792
0.5899419
1.787783
0.995069
-1.948713
-1.402007
-1.962126
-1.520197
0.7837009
-1.514189
1.519776
0.007077456
1.321978
1.635306
-0.5219305
-1.183319
1.619847
-0.8065898
-1.015729
-0.53531
0.3092186
-0.976135
-1.636326
-1.699425
,
-1.085706
0.3704357
0.6742349
1.610366
1.825645
-0.2788956
0.1859574
-1.775393
0.3517675
-1.196462
0.6525328
-0.3495258
0.2769033
-0.05212221
-0.6786218
-0.03696043
1.578632
-0.1542246
-0.8264667
-0.7503984
-1.39909
0.4702172
-0.1039012
0.3259403
0.4565068
0.5038236
-2.118917
1.379781
-2.280448
-0.04039928
0.3738196
-0.4560494
0.2258574
-1.482255
-1.351663
-0.4676157
0.5547477
-0.5512462
1.663118
-0.9766063
0.3367127
1.444518
-2.874108
-1.533533
-0.3820119
-0.1334298
0.1717162
-0.07944202
-0.04282442
0.1732047
0.1880412
0.4631904
-0.6468809
-0.1200067
2.173524
-1.141679
0.01718372
0.06636606
-0.001725956
-0.2938344
0.7556122
1.053182
-0.3820612
-0.433319
-1.566961
0.7845449
